0 1 39520 0
1 1 36241 0
2d 1 38589 0
2i 1 39014 0
0 2 35404 0
1 2 37469 0
2d 2 37955 0
2i 2 38835 0
0 3 37781 0
1 3 35388 0
2d 3 38524 0
2i 3 41789 0
0 4 37820 0
1 4 37161 0
2d 4 37672 0
2i 4 39195 0
0 5 37285 0
1 5 36813 0
2d 5 38782 0
2i 5 41110 0
0 6 40676 0
1 6 36979 0
2d 6 38506 0
2i 6 39206 0
0 7 38798 0
1 7 37406 0
2d 7 40494 0
2i 7 40245 0
0 8 35480 0
1 8 40388 0
2d 8 41698 0
2i 8 39456 0
0 9 37007 0
1 9 34760 0
2d 9 38301 0
2i 9 39951 0
0 10 34753 0
1 10 39117 0
2d 10 37249 0
2i 10 41802 0
0 11 38822 0
1 11 38425 0
2d 11 39138 0
2i 11 40466 0
0 12 39205 0
1 12 35231 0
2d 12 38034 0
2i 12 39733 0
0 13 36715 0
1 13 38153 0
2d 13 37924 0
2i 13 36841 0
0 14 39569 0
1 14 38461 0
2d 14 39986 0
2i 14 39766 0
0 15 36652 0
1 15 38377 0
2d 15 37697 0
2i 15 41549 0
0 16 34103 0
1 16 37591 0
2d 16 41023 0
2i 16 38129 0
0 17 37719 0
1 17 36667 0
2d 17 39480 0
2i 17 39800 0
0 18 38105 0
1 18 40506 0
2d 18 39317 0
2i 18 38199 0
0 19 37580 0
1 19 37392 0
2d 19 39648 0
2i 19 40183 0
0 20 35520 0
1 20 39847 0
2d 20 34461 0
2i 20 39305 0
