cfg	class	Mcycles	Minstr	task-clock	ctxsw	migr	wall_ms(perf-wrapped)
0	main	57.24	127.04	15.75	784	1.1	102.1
0	consumer	0.00	0.00	0.00	0	0.0	102.1
0	workers	27.81	43.17	9821513.60	2356	14.3	102.1
0	children	31.41	39.79	8396256.00	6	0.2	102.1
2d	main	61.46	147.66	16.83	857	2.4	100.3
2d	consumer	4.46	17.28	1389122.40	238	9.8	100.3
2d	workers	26.37	44.71	9340086.40	2242	25.4	100.3
2d	children	27.23	31.26	7256368.00	4	0.8	100.3
2i	main	60.59	146.84	16.61	797	1.8	112.3
2i	consumer	8.65	30.04	2471487.20	235	14.7	112.3
2i	workers	28.85	45.37	10067774.40	2352	20.6	112.3
2i	children	35.02	41.60	9395769.60	5	0.8	112.3
