0 1 35770 197786 35520
1 1 37326 191315 54912
2d 1 36846 178021 61440
2i 1 38380 206447 72832
0 2 35256 186928 48112
1 2 35324 178242 53056
2d 2 35560 182086 73040
2i 2 37456 200434 43456
0 3 34881 202949 50736
1 3 36426 180679 54288
2d 3 40158 200230 48576
2i 3 39007 185966 48705
0 4 34099 187344 42928
1 4 37150 209935 53184
2d 4 36294 203451 47888
2i 4 36101 198078 54352
0 5 34855 179234 42913
1 5 35444 189105 36416
2d 5 38825 196749 54688
2i 5 37948 195933 64432
0 6 35864 183175 46368
1 6 36324 195845 46160
2d 6 36770 178203 57008
2i 6 38821 192598 65392
0 7 33853 182919 53728
1 7 35174 178425 53216
2d 7 38121 198376 68576
2i 7 36731 195937 58561
0 8 36040 203049 47392
1 8 38631 194062 166464
2d 8 37756 202799 34017
2i 8 36402 183642 54048
0 9 35689 182760 46608
1 9 35514 180240 58561
2d 9 37636 196904 138033
2i 9 35627 209867 62464
0 10 36200 185027 104096
1 10 36914 195225 59776
2d 10 36883 198685 148480
2i 10 38173 181396 209233
0 11 35202 198660 45088
1 11 36146 176864 54480
2d 11 37736 180527 55648
2i 11 36764 192741 54577
0 12 37389 189366 51745
1 12 36014 189689 55760
2d 12 37393 186520 67553
2i 12 39221 183321 49760
0 13 35326 177604 49121
1 13 37573 197738 58448
2d 13 37882 178417 55968
2i 13 35879 208831 48481
0 14 34282 176588 50912
1 14 34141 196348 57008
2d 14 36385 181746 59184
2i 14 36018 193976 53056
0 15 33569 179778 55088
1 15 37143 190128 63376
2d 15 35187 180921 46640
2i 15 38834 214396 56624
0 16 36379 199339 40304
1 16 38061 210785 61344
2d 16 36344 209744 174209
2i 16 37628 193215 60224
0 17 38421 207461 42833
1 17 37577 193589 87297
2d 17 38351 187324 63905
2i 17 40325 221040 58720
0 18 34656 199265 50800
1 18 35236 192171 154705
2d 18 36454 192141 58624
2i 18 36519 189268 48272
0 19 36691 194605 45184
1 19 36067 187087 52912
2d 19 36925 185858 59680
2i 19 38638 179844 56912
0 20 36174 193064 40288
1 20 33838 180827 54048
2d 20 35890 183350 53568
2i 20 35745 173660 58336
